    34.839852625998056,
    39.3642719410122,
    72.10234674904575,
    76.73378728873477,
    50.85100584467276,
    26.371659800875953,
    113.1059594956131,
    47.735576633715226,
    110.98643756282158,
    10.533837935261694,
    4.31040703632919,
    95.55534254093203,
    61.4903950834801,
    68.21205679756577,
    64.14425250519767,
    131.63061164051803,
    57.61265869722471,
    67.97746235829895,
    56.1721030314811,
    74.01590718523583,
    108.96356140093961,
    18.62129067815126,
    42.53766336466819,
    63.536443405422006,
    116.34860764810941,
    50.8959315554567,
    93.98831064489167,
    46.76514099407472,
    108.27161441428743,
    16.429146734833903,
    28.4927146356742,
    27.105797891403878,
    46.43937918714207,
    83.04692980497722,
    46.602380726950926,
    42.50801525247751,
    43.55757030840121,
    70.88460753748487,
    117.22051879190725,
    29.99620063955653,
    82.63613815522058,
    72.8621483562153,
    27.550562502913227,
    62.605669959276995,
    54.95555451855282,
    55.136017713331164,
    49.83807124531308,
    61.11270949756064,
    62.87507930371434,
    91.93108660576064